0.9287908087817086 40825 43955
0.9144747204284139 17418 19047
0.8847513642302667 23023 26022
0.9195533793987095 40190 43706
0.9031157364952763 42348 46891
0.9253095023366401 33858 36591
0.9196525515743756 37268 40524
0.9339853300733496 17572 18814
0.9117223537451492 37356 40973
0.8970641275337229 37308 41589
0.8856168629882207 37141 41938
0.9095381977052794 44551 48982
0.9365647686305496 37929 40498
0.9238669760247487 29864 32325
0.8939189044153949 41645 46587
0.9213994500805917 38872 42188
0.921659651232712 38318 41575
0.9246704331450094 1964 2124
0.9177126492810139 30123 32824
0.9109795433324845 42929 47124
0.912002487562189 11732 12864
0.9155863732288212 12148 13268
0.9284792150787503 3596 3873
0.907393305300798 27406 30203
0.936394418821881 32079 34258
0.9147166397923467 46517 50854
0.9201370645345517 40279 43775
0.9184256504698494 38899 42354
0.9114641545585183 34251 37578
0.9179697383735641 36280 39522
0.9152591078897794 28665 31319
0.9023024430900661 34643 38394
0.8918246993524515 15425 17296
0.8994742436866148 31308 34807
0.940252326585436 39201 41692
0.923496350977267 22018 23842
0.9211712298434366 35361 38387
0.9210427791680624 46742 50749
0.9032258064516129 14644 16213
0.9045086753420086 43373 47952
0.9299843299343674 40950 44033
0.9327148022118248 35085 37616
0.9068973197713267 36645 40407
0.9332702006298589 42377 45407
0.9109738808659923 37912 41617
0.9332946635730859 40225 43100
0.9032875688801718 38686 42828
0.920779738757603 55407 60174
0.8990397673712633 56270 62589
0.912939351777935 40026 43843
0.9026065022421524 38646 42816
0.9260841303742223 29919 32307
0.911390134529148 35567 39025
0.9018437814280925 26902 29830
0.9295238095238095 7320 7875
0.9086610314835232 37087 40815
0.9270706719916653 26695 28795
0.9194624978043211 31407 34158
0.8977869953571681 38094 42431
0.9318947520720944 45086 48381
0.9125522539826009 32308 35404
0.9034339874261764 37937 41992
0.902015694722265 29311 32495
0.9115944966110473 40483 44409
0.9339390241146293 41324 44247
0.9167383414797877 43700 47669
0.9109987745098039 23788 26112
0.902939494452705 39472 43715
0.9131357028299446 35300 38658
0.9204583084972515 27796 30198
0.9396695423307501 32132 34195
0.937556598337038 45554 48588
0.9178749485432008 40135 43726
0.9041653698516443 34861 38556
0.931565555109147 6956 7467
0.8926347624977762 50175 56210
0.9080109796323207 39365 43353
0.9260299625468165 37582 40584
0.9187576533452076 41266 44915
0.9019607843137255 42872 47532
0.9375899128374376 22159 23634
0.9036009469618308 43512 48154
0.9282555944998652 34429 37090
0.9219811791422231 53592 58127
0.9061069906896008 5742 6337
0.9137996130067488 38725 42378
0.9085794041959262 20831 22927
0.9234088742984221 34879 37772
0.912759643916914 9228 10110
0.9077317988209077 32180 35451
0.916354556803995 37434 40851
0.9180025682448946 44323 48282
0.9314403245157973 16303 17503
0.9057176260995434 32537 35924
0.9159199397035425 32811 35823
0.9244046460320551 42738 46233
0.9126692908132631 41040 44967
0.9058877086494689 29849 32950
0.9260613447085111 36472 39384
0.9375266364160546 37397 39889
0.901054456160624 18714 20769
0.9089383655989381 36293 39929
0.9177885382855319 34496 37586
0.8836453115387995 10055 11379
0.9289044554117674 40843 43969
0.9165300449069784 12858 14029
0.904607843137255 9227 10200
0.9118140314916612 58719 64398
0.9314340898116852 7716 8284
0.9290322580645162 42480 45725
0.9088719651109809 13963 15363
0.9228159694964674 32915 35668
0.9030995223215889 25145 27843
0.917544372927638 37634 41016
0.9241061946902654 26106 28250
0.9155623001237607 3781037 4129743
